0.599 1.34 0.598 1.25
0.645 1.33 0.644 1.22
0.694 1.32 0.694 1.19
0.748 1.27 0.748 1.15
0.806 1.26 0.806 1.13
0.869 1.23 0.868 1.08
0.934 1.21 0.936 1.06
1.01 1.16 1.01 1.00
1.08 1.10 1.08 0.96
1.17 1.07 1.17 0.91
1.26 1.02 1.26 0.88
1.36 9.78 1.36 8.53
1.46 9.38 1.46 8.01
1.57 8.72 1.57 7.53
1.70 8.59 1.70 7.22
1.83 7.85 1.83 6.72
1.97 7.41 1.97 6.28
2.12 7.03 2.12 5.71
2.28 6.38 2.29 5.36
2.46 6.01 2.46 4.92
2.65 5.45 2.65 4.62
2.86 5.02 2.86 4.09
3.08 4.62 3.08 3.69
3.32 4.17 3.31 3.31
3.57 3.79 3.57 3.06
3.85 3.37 3.85 2.70
4.14 3.02 4.14 2.37
4.47 2.74 4.47 2.11
4.81 2.41 4.81 1.87
5.18 2.11 5.18 1.66
5.58 1.87 5.58 1.46
6.01 1.63 6.01 1.24
6.48 1.44 6.48 1.13
6.98 1.21 6.98 0.96
7.52 1.06 7.52 0.83
8.10 9.11 8.10 6.93
8.72 8.07 8.72 6.08
9.40 7.06 9.40 5.15
10.1 5.67 10.1 4.54
10.9 4.90 10.9 3.85
11.8 4.38 11.8 3.24
12.7 3.58 12.7 2.74
13.6 3.07 13.7 2.31
14.7 2.49 14.7 1.97
15.8 2.13 15.8 1.68
17.1 1.76 17.0 1.40
18.4 1.49 18.4 1.15
19.8 1.22 19.8 0.96
22.1 9.57 22.1 7.36
25.6 6.69 25.6 5.04
29.7 4.52 29.8 3.48
34.5 2.93 34.5 2.26
40.1 2.01 40.1 1.55
46.5 1.31 46.5 1.04
54.0 8.76 54.0 6.91
62.7 5.72 62.7 4.54
72.8 4.01 72.8 2.88
84.4 2.55 84.5 1.93
98.0 1.55 97.7 1.17
118. 9.43 117. 6.95
147. 4.26 146. 3.65
184. 2.51 185. 1.47
229. 1.18 228. 0.75
286. 5.58 286. 4.13
359. 2.56 355. 2.45

